0.000000000000000000e+00
-4.303386119420562345e-02
-7.277513432191662357e-02
-7.848690157162992176e-02
-7.231922005423353783e-02
-6.606024411618641179e-02
-6.386919629461471071e-02
-6.452571575050801422e-02
-6.573700097534355968e-02
-6.634723000661690850e-02
-6.635070078763850854e-02
-6.614220683814683865e-02
-6.599684651284400128e-02
-6.596843037644549435e-02
-6.599903644977496431e-02
-6.603001845174266693e-02
-6.604085828123543167e-02
-6.603764285811775103e-02
-6.603167276138102726e-02
-6.602865679801464549e-02
-6.602863542392792273e-02
-6.602966320526443278e-02
-6.603038115474156589e-02
-6.603052223235061913e-02
-6.603037158791853767e-02
-6.603021867138085532e-02
-6.603016502603571702e-02
-6.603018079790563821e-02
-6.603021024591533561e-02
-6.603022515299396267e-02
-6.603022527956349530e-02
-6.603022021401576402e-02
-6.603021666816434598e-02
-6.603021596776666169e-02
-6.603021670926577380e-02
-6.603021746401820102e-02
-6.603021772950111445e-02
-6.603021765214292516e-02
-6.603021750688915781e-02
-6.603021743320801329e-02
-6.603021743247920738e-02
-6.603021745744526438e-02
-6.603021747495775584e-02
-6.603021747843478007e-02
-6.603021747478494963e-02
-6.603021747105970729e-02
-6.603021746974591100e-02
-6.603021747012532972e-02
-6.603021747084183990e-02
-6.603021747120604856e-02
-6.603021747121015639e-02
-6.603021747108706041e-02
