0.000000000000000000e+00
-2.999336353710945965e-03
-8.746455674416307724e-03
-1.021689051598354860e-02
-8.640939442490093436e-03
-7.180391944056621449e-03
-6.702298964379388609e-03
-6.843832831276406431e-03
-7.108860966836071972e-03
-7.244354274573447036e-03
-7.245131197379771522e-03
-7.198685534841422692e-03
-7.166395199549971048e-03
-7.160091732023652136e-03
-7.166881205072264671e-03
-7.173757432771697175e-03
-7.176164063148112240e-03
-7.175450141446276450e-03
-7.174124693076342450e-03
-7.173455137375832520e-03
-7.173450408680762461e-03
-7.173678569084185330e-03
-7.173837953401427867e-03
-7.173869273453857900e-03
-7.173835830454557486e-03
-7.173801883133172977e-03
-7.173789973976029896e-03
-7.173793475313368015e-03
-7.173800012730709857e-03
-7.173803322084382900e-03
-7.173803350183065135e-03
-7.173802225637764506e-03
-7.173801438463253168e-03
-7.173801282975886262e-03
-7.173801447587738189e-03
-7.173801615141819910e-03
-7.173801674078696990e-03
-7.173801656905274583e-03
-7.173801624659117450e-03
-7.173801608301998665e-03
-7.173801608140207946e-03
-7.173801613682639043e-03
-7.173801617570385938e-03
-7.173801618342287578e-03
-7.173801617532030335e-03
-7.173801616705031275e-03
-7.173801616413367013e-03
-7.173801616497595644e-03
-7.173801616656661981e-03
-7.173801616737513105e-03
-7.173801616738430774e-03
-7.173801616711097603e-03
