9.999913900348407214e-01
2.011473963322529257e-01
-3.529142112427899880e-01
-4.590023940909804812e-01
-3.446444520178670312e-01
-2.283104405402435477e-01
-1.875347098487743780e-01
-1.997561170160468136e-01
-2.222970484380159539e-01
-2.336497600541771191e-01
-2.337143562606584235e-01
-2.298357512019500726e-01
-2.271314690261143909e-01
-2.266028030708928942e-01
-2.271722125822996929e-01
-2.277486102222874009e-01
-2.279502761494960617e-01
-2.278904559913869643e-01
-2.277793873260071655e-01
-2.277232778575564442e-01
-2.277228801224398247e-01
-2.277420011780671438e-01
-2.277553580415694057e-01
-2.277579826712396172e-01
-2.277551800539138749e-01
-2.277523351657153305e-01
-2.277513371373374451e-01
-2.277516305601784974e-01
-2.277521784165413010e-01
-2.277524557506508673e-01
-2.277524581053774755e-01
-2.277523638649616988e-01
-2.277522978972699730e-01
-2.277522848669411848e-01
-2.277522986619260892e-01
-2.277523127034905281e-01
-2.277523176425792495e-01
-2.277523162033966431e-01
-2.277523135010649236e-01
-2.277523121302888198e-01
-2.277523121167351339e-01
-2.277523125812095373e-01
-2.277523129070118946e-01
-2.277523129716917394e-01
-2.277523129037981042e-01
-2.277523128344863534e-01
-2.277523128100499006e-01
-2.277523128171023425e-01
-2.277523128304376754e-01
-2.277523128372122840e-01
-2.277523128372860861e-01
-2.277523128349933645e-01
